I Experiment name  : reaching_gonogo_sinusoid_spout
I Task name : reaching_go_nogo_opto_sinusoid_spout
I Task file hash : 1899539852
I Setup ID : COM9
I Subject ID : JC282LS
I Start date : 2021/11/29 14:04:20

S {"CS_Go": 3, "short_refrac_period": 4, "CS_NoGo": 2, "long_refrac_period": 5, "hold_start": 1}

E {"bar_on_timer": 9, "light_off_timer": 14, "bar_off": 7, "cue_delay_timer": 13, "spout_off": 11, "go_hold_start": 17, "button_release": 19, "free_reward_timer": 16, "US_end_timer": 15, "bar": 6, "sound_off_timer": 12, "spout": 10, "solenoid_off": 8, "button_press": 18, "rsync": 20}


D 0 20
P 3 ['s_nogo_sham', 's_nogo_sham', 's_nogo_sham', 's_nogo_sham', 's_nogo_sham', 's_nogo_sham', 's_nogo_sham', 's_nogo_cs_onset_2', 's_nogo_cs_onset_2', 's_nogo_cs_onset_2', 's_nogo_cs_onset_2', 's_nogo_cs_onset_2', 's_nogo_cs_onset_2', 's_nogo_cs_onset_2', 's_nogo_cs_onset_8', 's_nogo_cs_onset_8', 's_nogo_cs_onset_8', 's_nogo_cs_onset_8', 's_nogo_cs_onset_8', 's_nogo_cs_onset_8', 's_nogo_cs_onset_8', 's_nogo_cs_onset_32', 's_nogo_cs_onset_32', 's_nogo_cs_onset_32', 's_nogo_cs_onset_32', 's_nogo_cs_onset_32', 's_nogo_cs_onset_32', 's_nogo_cs_onset_32', 's_go_sham', 's_go_sham', 's_go_sham', 's_go_sham', 's_go_sham', 's_go_sham', 's_go_sham', 's_go_sham', 's_go_sham', 's_go_sham', 's_go_sham', 's_go_sham', 's_go_cs_onset_2', 's_go_cs_onset_2', 's_go_cs_onset_2', 's_go_cs_onset_2', 's_go_cs_onset_2', 's_go_cs_onset_2', 's_go_cs_onset_2', 's_go_cs_onset_2', 's_go_cs_onset_2', 's_go_cs_onset_2', 's_go_cs_onset_2', 's_go_cs_onset_2', 's_go_cs_onset_4', 's_go_cs_onset_4', 's_go_cs_onset_4', 's_go_cs_onset_4', 's_go_cs_onset_4', 's_go_cs_onset_4', 's_go_cs_onset_4', 's_go_cs_onset_4', 's_go_cs_onset_4', 's_go_cs_onset_4', 's_go_cs_onset_4', 's_go_cs_onset_4', 's_go_cs_onset_8', 's_go_cs_onset_8', 's_go_cs_onset_8', 's_go_cs_onset_8', 's_go_cs_onset_8', 's_go_cs_onset_8', 's_go_cs_onset_8', 's_go_cs_onset_8', 's_go_cs_onset_8', 's_go_cs_onset_8', 's_go_cs_onset_8', 's_go_cs_onset_8', 's_go_cs_onset_16', 's_go_cs_onset_16', 's_go_cs_onset_16', 's_go_cs_onset_16', 's_go_cs_onset_16', 's_go_cs_onset_16', 's_go_cs_onset_16', 's_go_cs_onset_16', 's_go_cs_onset_16', 's_go_cs_onset_16', 's_go_cs_onset_16', 's_go_cs_onset_16', 's_go_cs_onset_32', 's_go_cs_onset_32', 's_go_cs_onset_32', 's_go_cs_onset_32', 's_go_cs_onset_32', 's_go_cs_onset_32', 's_go_cs_onset_32', 's_go_cs_onset_32', 's_go_cs_onset_32', 's_go_cs_onset_32', 's_go_cs_onset_32', 's_go_cs_onset_32']
P 9 100
P 9 total proba = 1.0
P 10 array('H', [0, 0, 0, 0, 1, 1, 1, 2, 3, 4, 4, 5, 6, 7, 9, 10, 11, 13, 14, 16, 17, 19, 21, 23, 25, 27, 29, 31, 33, 36, 38, 41, 43, 46, 49, 52, 55, 58, 61, 64, 67, 70, 74, 77, 81, 84, 88, 92, 96, 100, 104, 108, 112, 116, 121, 125, 129, 134, 139, 143, 148, 153, 158, 163, 168, 173, 178, 184, 189, 194, 200, 206, 211, 217, 223, 229, 235, 241, 247, 253, 259, 265, 272, 278, 285, 291, 298, 305, 311, 318, 325, 332, 339, 346, 354, 361, 368, 376, 383, 391, 398, 406, 414, 421, 429, 437, 445, 453, 461, 469, 478, 486, 494, 503, 511, 520, 528, 537, 546, 555, 563, 572, 581, 590, 599, 608, 618, 627, 636, 646, 655, 664, 674, 684, 693, 703, 713, 722, 732, 742, 752, 762, 772, 782, 792, 802, 813, 823, 833, 844, 854, 865, 875, 886, 896, 907, 918, 928, 939, 950, 961, 972, 983, 994, 1005, 1016, 1027, 1038, 1050, 1061, 1072, 1083, 1095, 1106, 1118, 1129, 1141, 1152, 1164, 1176, 1187, 1199, 1211, 1222, 1234, 1246, 1258, 1270, 1282, 1294, 1306, 1318, 1330, 1342, 1354, 1366, 1378, 1390, 1402, 1415, 1427, 1439, 1451, 1464, 1476, 1488, 1501, 1513, 1526, 1538, 1551, 1563, 1576, 1588, 1601, 1613, 1626, 1638, 1651, 1664, 1676, 1689, 1702, 1714, 1727, 1740, 1753, 1765, 1778, 1791, 1804, 1816, 1829, 1842, 1855, 1868, 1880, 1893, 1906, 1919, 1932, 1945, 1957, 1970, 1983, 1996, 2009, 2022, 2035, 2047, 2059, 2072, 2085, 2098, 2111, 2124, 2137, 2149, 2162, 2175, 2188, 2201, 2214, 2226, 2239, 2252, 2265, 2278, 2290, 2303, 2316, 2329, 2341, 2354, 2367, 2380, 2392, 2405, 2418, 2430, 2443, 2456, 2468, 2481, 2493, 2506, 2518, 2531, 2543, 2556, 2568, 2581, 2593, 2606, 2618, 2630, 2643, 2655, 2667, 2679, 2692, 2704, 2716, 2728, 2740, 2752, 2764, 2776, 2788, 2800, 2812, 2824, 2836, 2848, 2860, 2872, 2883, 2895, 2907, 2918, 2930, 2942, 2953, 2965, 2976, 2988, 2999, 3011, 3022, 3033, 3044, 3056, 3067, 3078, 3089, 3100, 3111, 3122, 3133, 3144, 3155, 3166, 3176, 3187, 3198, 3208, 3219, 3229, 3240, 3250, 3261, 3271, 3281, 3292, 3302, 3312, 3322, 3332, 3342, 3352, 3362, 3372, 3381, 3391, 3401, 3410, 3420, 3430, 3439, 3448, 3458, 3467, 3476, 3486, 3495, 3504, 3513, 3522, 3531, 3539, 3548, 3557, 3566, 3574, 3583, 3591, 3600, 3608, 3616, 3625, 3633, 3641, 3649, 3657, 3665, 3673, 3680, 3688, 3696, 3703, 3711, 3718, 3726, 3733, 3740, 3748, 3755, 3762, 3769, 3776, 3783, 3789, 3796, 3803, 3809, 3816, 3822, 3829, 3835, 3841, 3847, 3853, 3859, 3865, 3871, 3877, 3883, 3888, 3894, 3900, 3905, 3910, 3916, 3921, 3926, 3931, 3936, 3941, 3946, 3951, 3955, 3960, 3965, 3969, 3973, 3978, 3982, 3986, 3990, 3994, 3998, 4002, 4006, 4010, 4013, 4017, 4020, 4024, 4027, 4030, 4033, 4036, 4039, 4042, 4045, 4048, 4051, 4053, 4056, 4058, 4061, 4063, 4065, 4067, 4069, 4071, 4073, 4075, 4077, 4078, 4080, 4081, 4083, 4084, 4085, 4087, 4088, 4089, 4090, 4090, 4091, 4092, 4093, 4093, 4093, 4094, 4094, 4094, 4094, 4095, 4094, 4094, 4094, 4094, 4093, 4093, 4093, 4092, 4091, 4090, 4090, 4089, 4088, 4087, 4085, 4084, 4083, 4081, 4080, 4078, 4077, 4075, 4073, 4071, 4069, 4067, 4065, 4063, 4061, 4058, 4056, 4053, 4051, 4048, 4045, 4042, 4039, 4036, 4033, 4030, 4027, 4024, 4020, 4017, 4013, 4010, 4006, 4002, 3998, 3994, 3990, 3986, 3982, 3978, 3973, 3969, 3965, 3960, 3955, 3951, 3946, 3941, 3936, 3931, 3926, 3921, 3916, 3910, 3905, 3900, 3894, 3888, 3883, 3877, 3871, 3865, 3859, 3853, 3847, 3841, 3835, 3829, 3822, 3816, 3809, 3803, 3796, 3789, 3783, 3776, 3769, 3762, 3755, 3748, 3740, 3733, 3726, 3718, 3711, 3703, 3696, 3688, 3680, 3673, 3665, 3657, 3649, 3641, 3633, 3625, 3616, 3608, 3600, 3591, 3583, 3574, 3566, 3557, 3548, 3539, 3531, 3522, 3513, 3504, 3495, 3486, 3476, 3467, 3458, 3448, 3439, 3430, 3420, 3410, 3401, 3391, 3381, 3372, 3362, 3352, 3342, 3332, 3322, 3312, 3302, 3292, 3281, 3271, 3261, 3250, 3240, 3229, 3219, 3208, 3198, 3187, 3176, 3166, 3155, 3144, 3133, 3122, 3111, 3100, 3089, 3078, 3067, 3056, 3044, 3033, 3022, 3011, 2999, 2988, 2976, 2965, 2953, 2942, 2930, 2918, 2907, 2895, 2883, 2872, 2860, 2848, 2836, 2824, 2812, 2800, 2788, 2776, 2764, 2752, 2740, 2728, 2716, 2704, 2692, 2679, 2667, 2655, 2643, 2630, 2618, 2606, 2593, 2581, 2568, 2556, 2543, 2531, 2518, 2506, 2493, 2481, 2468, 2456, 2443, 2430, 2418, 2405, 2392, 2380, 2367, 2354, 2341, 2329, 2316, 2303, 2290, 2278, 2265, 2252, 2239, 2226, 2214, 2201, 2188, 2175, 2162, 2149, 2137, 2124, 2111, 2098, 2085, 2072, 2059, 2047, 2035, 2022, 2009, 1996, 1983, 1970, 1957, 1945, 1932, 1919, 1906, 1893, 1880, 1868, 1855, 1842, 1829, 1816, 1804, 1791, 1778, 1765, 1753, 1740, 1727, 1714, 1702, 1689, 1676, 1664, 1651, 1638, 1626, 1613, 1601, 1588, 1576, 1563, 1551, 1538, 1526, 1513, 1501, 1488, 1476, 1464, 1451, 1439, 1427, 1415, 1402, 1390, 1378, 1366, 1354, 1342, 1330, 1318, 1306, 1294, 1282, 1270, 1258, 1246, 1234, 1222, 1211, 1199, 1187, 1176, 1164, 1152, 1141, 1129, 1118, 1106, 1095, 1083, 1072, 1061, 1050, 1038, 1027, 1016, 1005, 994, 983, 972, 961, 950, 939, 928, 918, 907, 896, 886, 875, 865, 854, 844, 833, 823, 813, 802, 792, 782, 772, 762, 752, 742, 732, 722, 713, 703, 693, 684, 674, 664, 655, 646, 636, 627, 618, 608, 599, 590, 581, 572, 563, 555, 546, 537, 528, 520, 511, 503, 494, 486, 478, 469, 461, 453, 445, 437, 429, 421, 414, 406, 398, 391, 383, 376, 368, 361, 354, 346, 339, 332, 325, 318, 311, 305, 298, 291, 285, 278, 272, 265, 259, 253, 247, 241, 235, 229, 223, 217, 211, 206, 200, 194, 189, 184, 178, 173, 168, 163, 158, 153, 148, 143, 139, 134, 129, 125, 121, 116, 112, 108, 104, 100, 96, 92, 88, 84, 81, 77, 74, 70, 67, 64, 61, 58, 55, 52, 49, 46, 43, 41, 38, 36, 33, 31, 29, 27, 25, 23, 21, 19, 17, 16, 14, 13, 11, 10, 9, 7, 6, 5, 4, 4, 3, 2, 1, 1, 1, 0, 0, 0, 0])
D 21 1
D 1176 6
P 4150 s_go_sham
P 4151 else stim type
D 4151 3
D 4374 7
P 4375 reward bar_off
P 4761 free_reward
D 5005 6
D 5148 7
D 5342 6
D 5421 7
D 5445 6
D 5726 7
D 6001 10
P 6003 Timestamp:4150 Go:0 Success:True Free_rew:True Light:False Latency:1852
P 6005 Summary: T#:1 Tot_rate:1.00 Go#:1 NoGo#:0 Go_rate:1.00 NoGo_rate:0.00
P 6005 4 trials moving ave Go success rate: 0.22
D 6006 4
P 6006 else stim type
D 6039 11
D 6573 10
D 6629 11
D 7055 20
D 9503 10
D 9610 11
D 9714 10
D 9729 11
D 10070 1
D 11216 10
D 11252 11
D 11373 10
D 11390 11
D 11405 10
D 11426 11
D 11555 10
D 11627 11
D 11657 10
D 11784 11
D 13751 20
D 14443 6
D 14458 7
D 14573 6
D 14607 7
D 14645 6
D 14688 7
D 14707 6
D 14861 20
D 15539 7
D 15559 6
D 15628 7
D 15644 6
D 15738 7
D 16322 6
D 17506 20
P 19968 s_go_cs_onset_2
P 19969 else stim type
D 19970 3
D 20545 7
P 20546 reward bar_off
D 20625 10
P 20627 Timestamp:19968 Go:0 Success:True Free_rew:False Light:False Latency:658
P 20629 Summary: T#:2 Tot_rate:1.00 Go#:2 NoGo#:0 Go_rate:1.00 NoGo_rate:0.00
P 20629 4 trials moving ave Go success rate: 0.39
D 20630 4
P 20631 light_on
D 20741 11
D 21008 20
D 21778 20
D 24084 6
D 24099 7
D 24123 6
D 24205 7
D 24220 6
D 25204 7
D 25219 6
D 25308 7
D 26364 1
D 28329 6
D 29723 20
P 31262 s_go_sham
P 31262 else stim type
D 31263 3
D 31621 7
P 31622 reward bar_off
D 31705 6
D 31801 7
D 31894 10
P 31896 Timestamp:31262 Go:0 Success:True Free_rew:False Light:False Latency:633
P 31898 Summary: T#:3 Tot_rate:1.00 Go#:3 NoGo#:0 Go_rate:1.00 NoGo_rate:0.00
P 31898 4 trials moving ave Go success rate: 0.53
D 31899 4
P 31899 else stim type
D 31935 11
D 32863 10
D 32897 11
D 33002 10
D 33048 11
D 33135 10
D 33217 11
D 33363 10
D 33396 11
D 33512 20
D 33610 10
D 33644 11
D 34537 10
D 34552 11
D 34862 20
D 35166 10
D 35210 11
D 35604 10
D 35629 11
D 36115 10
D 36130 11
D 36995 1
D 37086 20
D 37864 10
D 37879 11
D 37977 10
D 38070 11
D 38159 10
D 38220 11
D 40789 10
D 40817 11
D 40927 10
D 40953 11
D 41093 10
D 41208 11
D 41374 10
D 41389 11
D 42966 20
D 44501 6
D 44668 7
D 44687 6
D 47347 20
P 47348 s_go_cs_onset_4
P 47349 else stim type
D 47349 3
D 47892 7
P 47893 reward bar_off
D 47959 10
P 47962 Timestamp:47348 Go:0 Success:True Free_rew:False Light:False Latency:612
P 47963 Summary: T#:4 Tot_rate:1.00 Go#:4 NoGo#:0 Go_rate:1.00 NoGo_rate:0.00
P 47963 4 trials moving ave Go success rate: 0.63
D 47964 4
P 47964 light_on
D 47993 11
D 48866 20
D 51507 6
D 51522 7
D 51523 6
D 51889 7
D 52189 6
D 52259 7
D 52278 6
D 52686 7
D 52749 10
D 52771 1
D 52772 11
D 57234 20
D 60075 20
D 60313 10
D 60340 11
D 60617 10
D 60777 11
D 61145 10
D 61160 11
D 61168 10
D 61183 11
D 61990 20
D 62750 10
D 62803 11
D 63004 10
D 63052 11
D 64006 10
D 64084 11
D 65453 6
D 66059 20
D 66952 20
P 67967 s_go_cs_onset_2
P 67968 else stim type
D 67968 3
D 68476 7
P 68477 reward bar_off
D 68537 10
P 68540 Timestamp:67967 Go:0 Success:True Free_rew:False Light:False Latency:571
P 68541 Summary: T#:5 Tot_rate:1.00 Go#:5 NoGo#:0 Go_rate:1.00 NoGo_rate:0.00
P 68542 4 trials moving ave Go success rate: 0.71
D 68542 4
P 68543 light_on
D 68576 11
D 68971 10
D 69050 11
D 69110 10
D 69133 20
D 69206 11
D 69770 10
D 69894 11
D 71186 6
D 71210 7
D 71229 6
D 71682 20
D 73164 1
D 75866 20
P 77715 s_nogo_cs_onset_32
P 77716 light_on
D 77716 2
D 81160 20
P 81717 Timestamp:77716 Go:0 Success:True Free_rew:False Light:False Latency:4000
P 81719 Summary: T#:6 Tot_rate:1.00 Go#:5 NoGo#:1 Go_rate:1.00 NoGo_rate:1.00
P 81719 4 trials moving ave Go success rate: 0.71
D 81720 4
D 86788 1
D 87621 20
P 89961 s_nogo_cs_onset_2
P 89962 light_on
D 89962 2
D 90034 20
P 93963 Timestamp:89961 Go:0 Success:True Free_rew:False Light:False Latency:4001
P 93965 Summary: T#:7 Tot_rate:1.00 Go#:5 NoGo#:2 Go_rate:1.00 NoGo_rate:1.00
P 93965 4 trials moving ave Go success rate: 0.71
D 93966 4
D 97019 20
D 98361 1
D 101090 20
P 101585 s_go_cs_onset_8
P 101586 else stim type
D 101587 3
D 102442 7
P 102442 reward bar_off
D 102503 10
P 102505 Timestamp:101586 Go:0 Success:True Free_rew:False Light:False Latency:918
P 102507 Summary: T#:8 Tot_rate:1.00 Go#:6 NoGo#:2 Go_rate:1.00 NoGo_rate:1.00
P 102507 4 trials moving ave Go success rate: 0.78
D 102508 4
P 102508 light_on
D 102578 11
D 102964 10
D 103017 11
D 103674 10
D 103690 11
D 103712 10
D 103786 11
